Record: 2023-11-21T13:34:37.277546600
Record: 2023-11-21T13:34:41.015309600
Record: 2023-11-21T13:38:03.055600700
